[
  {
    "file_name": "000.png",
    "transform_matrix": [
      [
        0.6383856113904746,
        0.0,
        -0.76971670838667,
        -1.914845079566569e-18
      ],
      [
        0.7683786288861408,
        0.05893885200021827,
        0.6372758385471323,
        4.130695940380066e-18
      ],
      [
        0.04536621915769711,
        -0.9982615948361915,
        0.037625715068812036,
        1.6726162201408223
      ],
      [
        0.0,
        0.0,
        0.0,
        1.0
      ]
    ],
    "yaw": 3.833991710041852,
    "pitch": -4.771362009353012,
    "radius": 1.6726162201408223,
    "fov": 0.7853981633974483
  },
  {
    "file_name": "001.png",
    "transform_matrix": [
      [
        0.9999366562871687,
        -0.0,
        0.011255372638734846,
        -5.684304634707563e-19
      ],
      [
        0.009840557625062297,
        0.4853882874027778,
        -0.8742433150318201,
        -1.253515140950441e-18
      ],
      [
        -0.005463226049195591,
        0.8742986963573709,
        0.4853575411064888,
        1.6726162201408223
      ],
      [
        0.0,
        0.0,
        0.0,
        1.0
      ]
    ],
    "yaw": 23.57320051222057,
    "pitch": -1.0639891008540185,
    "radius": 1.6726162201408223,
    "fov": 0.7853981633974483
  },
  {
    "file_name": "002.png",
    "transform_matrix": [
      [
        -0.9074713830349651,
        0.0,
        0.4201138999992831,
        9.18761351220342e-18
      ],
      [
        -0.19055188303482457,
        0.8912196594803525,
        -0.41160356950299487,
        1.210379892519156e-16
      ],
      [
        -0.374413766900324,
        -0.4535719552129785,
        -0.8087563369765862,
        1.6726162201408221
      ],
      [
        0.0,
        0.0,
        0.0,
        1.0
      ]
    ],
    "yaw": 13.703596111131212,
    "pitch": 0.47076921071964367,
    "radius": 1.6726162201408223,
    "fov": 0.7853981633974483
  }
]